EDGES : 
1 2
2 3
3 2
2 4
4 5
5 4
4 6
6 7
7 6
6 8
8 9
9 8
8 10
10 11
11 10
10 12
12 13
13 12
13 14
14 13
14 15
15 14
12 16
16 17
17 18
18 19
18 20
18 38
18 39
20 21
21 22
22 24
22 25
24 23
25 21
21 23
23 26
26 27
27 28
27 29
29 26
28 30
26 30
30 31
31 32
32 33
34 31
33 35
31 35
35 36
36 37
37 17
38 40
40 41
40 42
40 43
41 44
42 44
43 44
44 17
39 45
45 46
46 47
46 48
47 49
48 49
49 50
49 51
50 52
51 52
52 17























USE:
================
ch 18
ly 3 22 37 41
dx 5 27 37 42
sdx 7 32 37 43
c 9 36 37 50 51
l 15 37 51
t 15 37 50
b 11 37 50 51
i 3 5 7 9 11 15 22 27 32
ic 36 37 38
j 15 
k 15
ily 24 37
isdx 37 33
idx 28 37
itr1 50 51
itr2 50 51
flag1 23 25 37
flag2 28 29 37
flag3 33 34 37
no 40 45 46 47 48 50 51
cno 50 51
no1 41 42 43
no2 40
a 49

DEF:
================

ch 1
ly 1
dx 1
sdx 1
c 1
l 1
t 1
b 1
i 2 4 6 8 10 12 21 22 26 31
ic 16
j 13
k 14
ily 16
isdx 16
idx 16
itr1 16 45
itr2 16 47 48
flag1 16
flag2 16
flag3 16
no 16 38 39
cno 39
no1 40
no2 40
a 39






















